36170497924836534
36029760442739894
36170497922706614
36029760718564406
36029760982772790
36029212828109862
36029212828109926
36170498203724870
36029761255423046
36170497132117062
36170500081753286
36029211752291526
36099580496460998
36170499546983622
36170498199522502
36170498467957958
36029212292312198
36029212296506502
36029212296539270
36099581579635846
36240319063796870
36100129459547270
36029211765914758
36029762050260102
36099581038623878
36029209620544646
36029209616350342
36029210156366982
36029762044976262
36099581033340038
36029212840713350
36240316388891782
36100129457462406
36099582117567622
36029212837567622
36029760445897862
36099580776438918
36099581850180742
36100129458510982
36100127847898246
36099581049068678
36029209620536454
36099581040680070
36029762050219142
36029209618439302
36099578362616966
36099581046971526
36029759911124102
36099578899487878
36099578094181510
36029209350003846
36029212567035014
36099580774341766
36029212298599558
36029212835470470
36099581038615686
36029762050251910
36099581039664262
36029212562857094
36099580770163846
36029762050235526
36099580774325382
36029212030147718
36029212567018630
36029212571212934
36100128655285382
36100129729027206
36099581038566534
36100130794380422
36029762050202758
36029762589170822
36100131333348486
36029212833356934
36100130259606662
36029761515428998
36100129194253446
36100129190059142
36029760445881478
36029211762760838
36099581580680326
36100129725881478
36100130803817606
36099581048003718
36099582121745542
36100131877559430
36100129730075782
36169948718439558
36169948181568646
36240316925746310
36099579437390982
36100129193204870
36099581584874630
36029212840696966
36029211766955142
36099580511132806
36029212832308358
36100131332299910
36240318527970438
36099581039615110
36099580509035654
36029211764857990
36029212838599814
36099581582777478
36099579435293830
36240316923649158
36169948179471494
36029210691116166
36029211227987078
36169948716342406
36240317460520070
36099579972164742
36100129727978630
36029760983800966
36099582119648390
36029213375470726
36029212301728902
36099581045906566
36099580777471110
36029212033293446
36029213107035270
36099581851212934
36099579703729286
36029210959551622
36100131877559302
36100130803817478
36100128656333830
36100129725881350
36100131336494086
36029212828163078
36240316923657222
36240317460528134
36100129727986694
36100129459551238
36029212841749510
36029212839652358
36029213376523270
36029213108087814
36029210960604166
36029212571216902
36029209349991430
36029212567022598
36029213103893510
36099580501732358
36099581038603270
36169950053329926
36169949782797318
36169949245926406
36029213103909894
36240319336442886
36240318799571974
36169950055394310
36029212567038982
36240318260603910
36169950061685766
36240319338540038
36029213106007046
36240318264798214
36240316117314566
36240316385750022
36240318533233670
36240319606975494
36240319070104582
36240317996362758
36240317987974150
36240319061715974
36240318524845062
36240317458435078
36169948714257414
36240318256401414
36240318524836870
36240319061707782
36169950317530118
36240317987965958
36169950325918726
36240319070096390
36240316922612742
36169948178435078
36169948715305990
36240317459483654
36240319606967302
36169950862789638
36169950594354182
36240319338531846
36240317191048198
36169948446870534
36240318801660934
36169950057483270
36240318529031174
36169949782756358
36169949245885446
36169950055386118
36240318799563782
36240319336434694
36169950592257030
36169950860692486
36169948713208838
36169948176337926
36169950323821574
36169949778562054
36029212827110406
36169949241723910
36169949245918214
36169949782789126
36240318260628486
36240318529063942
36169949784886278
36169950321757190
36169949248015366
36240317992193030
36240317987998726
36169949243821062
36029212829207558
36169950317562886
36240319061740550
36099581573385222
36100131329199110
36029212828158982
36099580771208198
36100130527022086
36100130795457542
36099581039643654
36099581576514566
36169950320692230
36029212832336902
36029212828142598
36099581572320262
36100131329182726
36099581573368838
36029212829191174
36100130259635206
36099580503821318
36169949247998982
36029211759643654
36029212833385478
36099581577563142
36100131333377030
36169949784869894
36240318529047558
36099581040692230
36100130796506118
36100130528070662
36099580772256774
36169950053305350
36029212564950022
36029212562852870
36100130794408966
36099581038595078
36240318526950406
36169949782772742
36029212294417414
36099581575465990
36029212831288326
36029211757546502
36169949245901830
36240317990079494
36099580501724166
36029212828109830
36240318527966214
